0 0 0 0 0 0 0 0 0 0 
1 0 0 0 0 0 0 0 0 0 
2 51 0 0 0 0 0 0 0 0 
3 96 26 0 0 0 0 0 0 0 
4 100 96 36 0 0 0 0 0 0 
5 100 100 97 15 0 0 0 0 0 
6 100 100 100 88 1 0 0 0 0 
7 100 100 100 100 50 0 0 0 0 
8 100 100 100 100 100 0 0 0 0 
9 100 100 100 100 100 49 0 0 0 
10 100 100 100 100 100 95 73 13 0 
11 100 100 100 100 100 100 100 88 0 
12 100 100 100 100 100 100 100 99 41 
13 100 100 100 100 100 100 100 100 93 
14 100 100 100 100 100 100 100 100 99 
15 100 100 100 100 100 100 100 100 99 
16 100 100 100 100 100 100 100 100 99 
17 100 100 100 100 100 100 100 100 99 
18 100 100 100 100 100 100 100 100 99 
19 100 100 100 100 100 100 100 100 99 
20 100 100 100 100 100 100 100 100 99 
21 100 100 100 100 100 100 100 100 99 
22 100 100 100 100 100 100 100 100 99 
23 100 100 100 100 100 100 100 100 99 
